# Résultats d'une enquête sur la connaissance d'une marque de produits bio.
# Gilles Henault, université d'Angers
# http://forge.info.univ-angers.fr/~gh/Datasets/datasets.htm
# Description du questionnaire à la fin
#
          CONNAITRE DIFF CONSOM MARQUE CONSVIE SEXE AGE ETATCIVIL NBENF SITPROF REVENU
  30913         1    1      5      3       4    1   4         1     2       3      0
  20114         1    2      4      2       4    1   2         2     1       8      1
  40204         1    1      4      0       4    2   6         3     1       7      1
  10209         1    2      4      0       4    2   3         3     4       8      1
  10211         2    2      7      0       4    2   4         3     2       5      1
  31108         1    2      2      3       4    2   1         2     1       8      1
  30905         1    1      3      4       4    2   2         2     1       8      1
  10819         1    1      7      2       4    1   1         2     1       8      1
  11013         1    1      1      2       4    2   5         1     1       8      1
  11023         1    1      4      2       4    2   1         2     1       8      1
  31026         2    2      1      5       4    2   3         2     1       5      1
  20719         1    1      1      2       4    2   1         2     1       8      1
  40311         1    1      1      2       4    2   3         3     4       8      1
  40412         1    1      4      4       4    1   2         2     1       8      1
  20505         1    2      4      2       4    2   1         2     1       8      1
  10507         1    2      3      2       1    2   2         2     1       5      1
  10509         1    1      3      4       4    2   1         2     1       8      1
  31501         1    2      4      4       4    2   6         2     1       7      1
  11401         1    1      4      2       4    2   2         2     1       8      1
  11402         1    1      4      2       4    2   1         2     1       8      1
  11403         1    1      1      5       4    2   1         2     1       8      1
  11407         1    1      5      3       4    2   5         5     2       8      1
  31613         1    1      6      5       2    2   2         4     2       2      1
  10109         1    1      7      2       4    2   2         2     1       5      2
  10112         1    1      4      0       4    1   3         1     3       5      2
  20101         2    2      1      4       4    1   2         1     3       5      2
  20102         1    2      2      4       4    1   2         2     1       5      2
  20105         1    1      4      7       2    1   1         1     1       2      2
  20107         1    1      6      4       3    1   5         2     1       7      2
  20110         1    2      3      2       4    1   1         2     1       5      2
  20112         1    2      1      0       4    1   2         2     1       6      2
  20113         1    1      3      2       4    1   1         2     1       6      2
  40212         1    2      1      0       4    2   3         2     1       5      2
  40605         1    2      4      3       2    1   2         2     1       5      2
  41102         1    1      2      4       4    2   2         2     1       5      2
  41104         1    2      3      2       4    1   1         2     1       4      2
  41106         1    1      3      4       4    2   1         2     1       8      2
  11101         1    2      4      2       4    1   6         1     1       7      2
  11104         1    1      3      2       4    2   2         3     2       5      2
  11106         1    1      4      0       4    2   2         1     2       8      2
  11110         1    2      1      2       4    2   2         2     1       5      2
  31110         1    1      3      7       4    1   2         2     1       5      2
  41201         1    1      5      2       4    2   2         2     1       8      2
  41203         1    1      6      7       4    1   6         3     1       7      2
  41205         2    1      1      2       4    1   1         2     1       8      2
  41206         1    1      3      0       4    1   2         2     1       4      2
  41207         1    1      3      0       4    2   3         2     1       5      2
  31203         1    1      4      2       4    1   1         4     2       5      2
  31210         1    1      1      2       4    2   1         0     1       8      2
  11202         1    1      1      2       4    1   1         2     1       5      2
  11204         1    1      1      4       4    1   1         2     1       5      2
  11205         1    1      1      2       4    2   1         1     2       5      2
  11207         1    1      3      2       4    2   2         2     1       5      2
  11210         1    1      1      2       4    2   1         2     1       5      2
  40903         1    0      1      4       4    2   2         5     1       5      2
  40904         1    1      4      0       4    1   5         1     1       7      2
  40907         1    1      1      0       4    2   4         2     1       8      2
  40908         1    1      1      4       4    2   6         5     1       8      2
  40914         1    2      1      2       4    2   2         1     1       5      2
  30901         2    2      1      2       4    2   4         1     2       8      2
  30910         1    2      3      4       4    2   3         5     3       8      2
  30914         1    1      3      2       4    2   1         2     1       5      2
  30915         1    2      2      2       4    1   2         2     1       8      2
  40828         1    1      1      2       4    2   2         2     1       5      2
  10809         1    1      1      2       4    1   2         2     1       8      2
  10811         1    1      3      5       4    2   5         1     1       7      2
  10824         1    1      4      3       4    2   1         1     2       8      2
  41028         1    1      4      0       4    2   4         1     1       8      2
  41030         1    1      1      0       4    2   2         2     1       5      2
  11003         1    2      3      2       4    2   6         2     1       7      2
  11008         1    1      3      4       2    2   3         2     2       5      2
  11011         1    2      4      2       4    2   1         2     1       8      2
  11018         1    2      1      0       4    2   3         2     1       5      2
  31027         1    1      3      4       4    2   1         2     1       5      2
  20705         1    2      1      4       4    2   4         1     2       2      2
  20712         1    1      3      2       4    2   2         2     1       5      2
  20722         1    2      1      2       4    2   2         4     1       5      2
  20725         1    1      1      2       4    2   2         2     2       5      2
  20726         1    1      3      4       4    2   1         2     1       5      2
  20729         1    1      3      2       4    2   3         4     3       8      2
  40305         1    2      5      2       4    2   6         3     1       7      2
  40308         1    1      3      0       4    1   3         2     1       5      2
  40315         1    1      4      4       2    2   3         1     2       5      2
  10302         1    2      5      4       4    2   4         3     1       5      2
  10309         1    1      4      2       4    2   2         3     2       5      2
  10313         1    1      5      2       4    1   1         2     1       6      2
  10315         1    2      1      2       4    2   3         1     3       8      2
  10316         1    1      3      0       4    1   2         2     1       8      2
  40406         1    2      3      4       4    1   2         4     1       8      2
  40411         1    1      4      4       2    2   1         2     1       4      2
  30401         2    2      1      0       4    2   5         2     1       7      2
  30403         1    2      3      2       4    1   5         1     1       7      2
  30404         1    1      6      7       2    2   3         5     3       5      2
  30405         2    2      1      0       4    1   2         2     2       6      2
  30407         2    1      7      2       4    2   1         2     1       8      2
  30408         1    1      5      4       4    1   6         1     1       7      2
  30409         1    1      2      3       4    2   1         2     1       5      2
  20501         1    1      3      1       4    2   1         2     1       5      2
  20510         1    2      3      4       4    1   1         2     1       4      2
  10505         1    1      2      2       1    2   1         4     1       8      2
  10510         1    1      1      2       4    1   1         2     1       8      2
  10511         0    1      1      2       4    2   4         5     1       7      2
  41506         1    1      5      4       4    1   2         2     1       5      2
  41512         1    1      5      4       4    1   1         2     1       5      2
  31504         1    1      6      5       3    2   3         1     3       8      2
  31506         1    1      6      4       2    2   4         1     4       5      2
  31508         1    2      3      4       2    2   1         4     1       8      2
  31512         1    1      6      4       3    2   2         2     1       3      2
  31513         1    2      4      5       2    2   5         3     1       5      2
  41414         1    1      4      4       4    1   4         3     3       6      2
  11405         1    1      3      4       4    2   3         2     1       5      2
  11406         1    1      4      4       4    2   3         3     2       5      2
  11408         1    1      4      3       4    2   4         3     3       8      2
  11411         1    1      4      3       2    2   2         4     1       8      2
  11602         1    1      6      3       4    2   6         1     2       7      2
  11605         1    1      6      5       1    2   2         1     1       5      2
  11607         1    1      1      4       4    2   2         2     1       4      2
  11611         1    1      6      3       4    2   2         4     1       8      2
  11612         1    1      4      5       2    2   1         2     1       5      2
  31601         1    1      6      5       4    2   5         1     1       7      2
  31604         1    1      6      5       2    2   2         2     1       5      2
  31608         1    1      6      4       4    2   3         2     1       5      2
  10101         1    1      4      3       4    2   5         1     1       2      3
  10103         1    1      3      6       4    2   3         3     3       3      3
  10104         1    1      6      0       4    1   5         1     1       3      3
  10105         1    1      7      4       4    2   2         2     1       5      3
  20104         1    1      4      5       3    2   4         1     2       8      3
  20106         1    2      4      0       4    2   5         1     1       7      3
  20111         1    1      5      0       4    1   4         0     3       4      3
  40203         1    1      3      2       4    2   4         5     3       4      3
  40205         1    1      1      0       4    1   3         1     3       8      3
  40206         1    0      4      0       4    1   4         1     3       5      3
  40209         1    2      4      2       4    2   3         1     2       8      3
  40213         1    1      4      4       2    2   4         1     3       8      3
  10203         1    1      6      7       2    1   4         4     2       4      3
  10205         1    1      4      4       2    2   4         2     1       5      3
  10210         1    1      4      2       4    2   4         1     3       5      3
  40611         1    2      4      2       4    2   5         3     1       7      3
  41101         1    1      4      2       2    1   3         2     3       8      3
  41107         1    1      4      4       2    1   3         1     3       4      3
  31102         1    1      3      0       4    1   2         2     1       4      3
  31107         1    1      6      7       2    1   3         4     1       2      3
  41204         1    1      1      2       4    1   4         3     1       4      3
  41208         1    1      4      2       4    1   2         2     1       4      3
  31206         1    1      1      2       4    2   2         1     3       8      3
  31209         2    2      1      2       4    1   2         2     1       3      3
  11203         1    1      1      2       4    2   3         4     3       5      3
  11206         1    1      4      2       4    1   4         5     1       4      3
  40906         1    1      4      2       3    1   3         2     1       4      3
  40909         1    1      2      2       3    1   5         1     2       8      3
  30909         1    1      4      2       4    2   2         2     3       0      3
  40829         1    1      1      2       4    1   2         2     1       5      3
  10807         1    1      3      3       4    1   3         2     1       4      3
  10815         1    2      6      6       4    2   6         1     1       7      3
  10818         1    1      4      0       4    2   6         5     1       7      3
  10823         1    2      1      5       4    2   4         1     2       5      3
  11017         1    1      1      2       4    2   1         4     1       8      3
  11021         1    1      4      4       4    1   1         2     1       4      3
  20701         1    1      2      2       4    2   6         5     1       7      3
  20714         1    1      1      2       4    1   2         2     1       3      3
  20717         1    1      3      0       4    2   5         1     1       7      3
  20718         1    1      6      2       1    1   2         2     1       5      3
  40303         1    1      7      2       0    2   3         1     1       8      3
  40313         1    1      4      5       4    2   2         4     1       5      3
  10301         1    1      6      7       4    1   2         1     1       2      3
  10304         1    2      1      2       4    2   2         4     1       8      3
  10306         1    1      4      4       4    2   2         4     2       4      3
  10307         1    1      1      2       4    2   2         1     3       5      3
  10308         1    1      2      2       4    2   2         1     2       5      3
  10310         1    1      1      2       4    2   2         1     3       5      3
  10311         1    1      4      2       4    2   1         2     1       8      3
  30402         2    1      7      2       4    2   2         1     2       8      3
  30406         1    2      4      0       4    2   5         1     1       7      3
  30410         2    2      3      2       4    2   6         1     1       7      3
  20503         1    1      5      4       4    1   2         2     1       4      3
  20507         1    1      3      5       4    2   2         2     1       4      3
  20509         1    2      4      2       4    1   2         2     1       4      3
  20512         1    2      5      4       4    1   6         1     1       7      3
  10501         1    1      3      2       4    1   4         1     1       6      3
  10503         1    2      1      2       4    1   2         2     3       5      3
  10512         0    1      4      3       4    2   2         4     1       4      3
  41504         1    1      6      5       2    1   3         1     1       5      3
  41508         1    1      6      5       3    1   6         2     1       7      3
  31505         1    2      4      3       2    2   4         1     1       5      3
  31507         1    1      5      4       2    1   4         2     3       4      3
  41402         1    1      4      5       4    2   2         2     1       5      3
  41407         1    1      4      5       2    2   4         1     5       5      3
  41409         1    1      4      0       4    2   5         3     1       7      3
  11409         1    1      6      5       2    2   5         2     1       8      3
  11412         1    1      5      4       3    1   4         1     2       4      3
  11601         1    1      1      2       4    2   2         4     1       5      3
  11604         1    1      4      4       2    2   2         1     2       5      3
  11606         1    1      4      2       4    2   4         1     4       5      3
  11609         1    1      3      5       4    2   2         4     1       5      3
  11610         1    1      5      4       2    2   2         4     2       8      3
  31602         1    1      6      4       2    1   3         2     1       4      3
  31603         1    2      3      5       4    2   1         2     1       8      3
  31605         1    1      1      4       4    1   3         2     3       5      3
  31609         1    1      4      5       2    2   2         1     1       4      3
  31611         1    1      3      4       4    2   1         1     1       5      3
  31612         1    1      3      2       4    1   2         1     2       8      3
  10102         1    1      1      2       4    1   2         1     2       5      4
  10107         1    1      6      4       4    2   2         1     3       5      4
  10111         1    1      3      3       4    1   2         1     2       4      4
  40210         1    1      3      0       4    2   3         1     4       8      4
  40211         1    1      1      0       4    2   4         1     3       4      4
  10201         1    2      1      4       4    1   5         3     1       8      4
  10213         1    1      4      5       4    2   4         1     3       5      4
  10212         1    2      3      4       4    2   4         1     2       5      4
  10204         1    1      1      4       4    2   4         1     5       8      4
  10206         1    2      3      0       4    1   5         3     2       7      4
  10207         1    1      1      0       4    1   4         1     1       5      4
  10208         1    1      1      2       4    2   4         1     2       5      4
  40618         1    2      1      0       4    1   6         1     1       7      4
  40619         1    1      3      0       4    1   3         1     3       6      4
  40620         1    1      4      0       4    1   6         1     2       7      4
  40624         1    1      3      5       4    2   4         1     2       3      4
  41103         1    1      2      2       4    1   5         1     3       8      4
  41105         1    1      3      2       4    1   3         1     3       4      4
  41110         1    1      4      2       4    1   4         2     1       4      4
  11109         1    1      1      2       4    2   1         4     1       8      4
  31101         1    1      2      2       0    1   2         1     1       5      4
  31103         1    1      7      2       4    1   2         0     1       5      4
  31106         2    2      1      2       4    2   4         1     3       5      4
  31205         1    1      4      5       4    2   4         1     1       5      4
  31208         1    1      4      2       4    2   4         1     3       5      4
  11201         1    1      4      4       3    2   3         1     3       5      4
  11208         1    2      1      4       4    2   2         4     3       5      4
  40901         1    1      6      4       4    1   6         1     1       7      4
  40915         1    1      4      3       4    1   4         1     2       5      4
  30904         1    1      7      4       4    2   4         1     1       3      4
  30911         1    1      6      2       3    2   4         3     1       4      4
  30912         1    1      3      2       4    2   2         1     1       3      4
  10810         1    1      1      2       4    2   4         1     1       7      4
  10813         1    1      4      7       4    2   4         1     1       8      4
  10825         1    1      3      4       4    1   6         1     1       7      4
  11006         1    1      1      2       4    1   5         1     2       7      4
  11007         1    1      6      2       0    2   2         2     1       3      4
  11019         0    1      3      2       4    2   1         2     1       4      4
  31025         1    1      6      0       4    1   2         4     1       4      4
  20704         1    1      4      2       4    1   4         1     1       7      4
  20706         1    2      1      5       4    2   2         1     2       5      4
  20708         1    1      4      5       4    2   2         1     4       8      4
  20728         1    1      4      4       4    2   2         1     3       8      4
  40301         2    1      1      2       4    2   2         1     2       5      4
  40304         1    1      1      2       4    1   2         1     3       4      4
  40307         1    1      5      0       4    1   4         1     3       4      4
  40310         1    1      3      0       4    1   3         1     4       8      4
  10312         0    1      1      2       4    2   3         4     3       5      4
  40407         1    1      6      0       4    2   3         1     3       8      4
  40409         1    1      4      4       4    2   2         1     1       8      4
  20506         1    1      4      4       4    2   2         1     3       2      4
  10504         1    1      4      4       2    2   4         1     2       8      4
  10508         1    1      2      2       4    2   4         1     4       8      4
  41503         1    2      6      5       2    2   5         1     1       5      4
  41509         1    1      6      4       3    1   3         1     5       4      4
  41510         1    1      6      4       2    1   2         1     4       4      4
  41404         1    1      4      3       4    1   3         1     2       5      4
  41406         1    1      4      5       4    2   2         1     4       8      4
  41408         1    1      5      5       2    2   4         1     4       4      4
  41412         1    1      4      3       4    2   4         1     1       5      4
  41413         1    2      6      5       3    2   4         1     1       5      4
  11608         1    1      5      4       4    2   4         1     1       2      4
  31606         1    2      4      2       4    2   1         2     1       5      4
  31607         1    1      5      4       4    1   3         2     1       4      4
  31610         1    1      5      5       2    2   4         1     4       8      4
  31614         1    1      6      7       3    2   4         1     3       4      4
  10106         1    1      1      2       4    2   2         1     3       8      5
  10110         1    1      4      4       2    2   4         1     3       4      5
  20103         1    1      3      7       4    1   4         1     1       5      5
  20108         1    1      3      4       4    2   2         4     1       4      5
  40601         1    2      2      2       4    2   4         1     2       8      5
  40602         1    1      7      0       4    1   5         1     2       7      5
  40603         1    1      3      0       4    2   4         1     3       8      5
  40604         1    1      4      2       4    2   4         1     1       8      5
  40609         1    2      4      0       4    1   6         1     1       7      5
  40610         1    2      1      0       4    1   5         1     4       4      5
  40612         1    1      1      4       4    2   4         1     3       3      5
  40613         1    1      1      0       4    2   3         1     3       1      5
  40614         1    1      5      2       4    1   3         4     3       3      5
  40615         1    1      1      2       4    2   2         1     2       3      5
  40617         1    2      1      0       4    2   6         1     1       7      5
  40621         1    1      4      2       1    2   6         1     1       7      5
  40622         1    1      1      2       4    2   2         1     2       4      5
  40623         1    1      1      2       4    1   5         1     1       8      5
  40625         1    1      1      0       4    1   2         4     4       4      5
  40627         1    1      3      0       4    1   2         1     2       4      5
  40629         1    1      1      2       4    1   1         2     1       8      5
  41108         1    1      4      0       4    1   4         1     4       4      5
  11102         0    1      6      4       4    2   3         1     3       4      5
  11103         1    1      4      2       4    2   3         4     2       4      5
  11105         1    1      4      6       4    2   4         4     1       4      5
  11107         1    1      4      3       1    2   2         1     1       3      5
  11108         1    1      1      2       4    1   2         1     3       5      5
  31104         1    1      1      0       4    1   6         1     1       3      5
  31105         1    1      3      3       2    1   4         1     4       4      5
  31109         1    1      4      5       1    1   3         1     2       3      5
  41202         1    1      2      0       4    1   5         1     4       3      5
  41209         1    1      3      2       4    1   2         1     1       3      5
  41210         1    1      6      5       2    1   3         1     2       4      5
  31201         1    1      3      4       4    2   3         1     3       4      5
  31202         2    1      7      4       4    2   3         1     3       5      5
  31204         2    2      1      6       4    2   3         1     3       4      5
  31207         2    2      1      2       4    1   2         0     2       4      5
  11209         1    1      1      2       4    1   4         1     1       2      5
  40905         1    1      1      0       4    1   6         1     1       7      5
  40910         1    1      1      0       4    1   5         1     1       4      5
  40912         1    1      3      2       4    1   6         1     1       8      5
  30902         1    1      3      2       4    1   6         1     2       7      5
  30903         1    2      4      2       4    2   5         1     2       3      5
  30906         1    1      3      2       4    1   2         2     1       3      5
  30907         1    1      1      0       4    1   6         1     1       7      5
  30916         1    1      6      7       2    2   5         1     2       4      5
  10801         1    1      6      7       3    2   5         1     1       7      5
  10802         1    1      4      2       4    2   1         2     1       8      5
  10803         1    1      7      2       4    1   5         2     1       8      5
  10804         1    1      4      4       4    2   5         1     1       8      5
  10805         1    1      1      2       4    2   1         2     1       8      5
  10806         1    1      3      2       4    2   2         1     5       8      5
  10808         1    1      4      4       4    2   2         1     4       8      5
  10812         1    0      3      2       4    1   6         1     2       7      5
  10816         1    1      4      4       4    2   2         2     1       5      5
  10820         1    2      3      2       4    2   4         1     2       8      5
  10821         1    1      3      4       4    2   4         1     2       8      5
  10822         1    2      1      2       4    2   4         1     2       8      5
  10826         1    1      4      4       1    2   5         1     1       8      5
  10827         1    1      4      0       4    1   5         1     1       3      5
  10830         1    1      1      2       4    1   2         4     1       4      5
  41029         1    1      6      0       1    1   5         1     1       7      5
  11001         1    1      3      4       4    2   3         1     1       8      5
  11005         1    1      1      4       4    2   2         1     3       8      5
  11009         1    1      4      4       4    2   4         1     1       3      5
  11010         1    2      1      4       4    2   2         1     1       3      5
  11012         1    1      3      0       4    2   4         1     1       4      5
  11014         1    1      4      3       4    2   4         1     1       4      5
  11015         1    1      3      2       4    1   2         4     1       3      5
  11016         1    1      3      2       4    1   4         4     1       4      5
  11020         1    1      1      4       4    2   4         1     1       8      5
  11022         1    2      1      0       4    2   3         1     2       5      5
  31024         1    1      3      5       4    2   4         1     5       8      5
  20702         1    1      1      2       4    2   2         1     3       4      5
  20707         1    1      3      2       4    1   3         1     4       3      5
  20709         1    2      1      2       4    2   3         1     5       8      5
  20710         1    1      3      2       4    2   4         1     4       7      5
  20713         1    1      1      2       4    1   4         1     3       4      5
  20715         1    1      4      2       4    2   4         0     3       3      5
  20716         1    1      1      0       4    2   4         1     1       8      5
  20720         1    1      1      0       4    2   2         0     2       4      5
  20721         1    1      1      4       4    2   3         1     2       8      5
  20723         1    1      1      2       4    2   3         1     2       4      5
  20724         1    1      3      2       4    2   4         1     1       8      5
  20727         1    1      4      2       4    2   2         1     1       4      5
  20730         1    1      3      2       4    1   2         1     2       4      5
  40302         1    1      1      2       4    2   1         4     1       4      5
  40312         1    1      1      0       4    1   4         1     4       8      5
  40314         1    1      3      2       4    1   2         1     2       4      5
  40316         1    1      4      3       4    2   4         1     5       8      5
  10305         1    2      1      2       4    2   3         1     1       8      5
  40401         1    2      4      0       4    1   3         1     3       4      5
  40403         1    1      4      4       2    2   4         1     3       8      5
  40405         1    1      1      2       4    2   2         4     2       8      5
  30411         2    1      7      2       4    1   1         2     1       8      5
  20502         1    1      4      4       4    2   2         1     1       3      5
  20504         1    1      4      2       4    1   3         1     4       4      5
  20508         1    1      4      3       4    1   4         1     1       4      5
  20511         1    1      1      2       4    1   3         2     2       3      5
  10502         1    2      3      2       4    2   4         1     1       4      5
  10506         1    1      1      4       0    2   4         1     1       4      5
  41501         1    1      3      4       2    2   4         1     3       4      5
  41505         1    1      5      4       2    2   4         4     1       8      5
  41507         1    1      6      5       2    2   6         1     1       7      5
  41511         1    1      6      4       4    2   3         4     3       4      5
  31502         1    1      6      5       4    2   3         1     3       4      5
  31510         1    1      4      5       2    2   3         1     3       4      5
  41410         1    1      4      2       4    2   4         1     2       4      5
  11404         1    1      1      3       4    2   3         1     5       4      5
  11410         1    1      6      4       2    2   6         1     1       7      5
  11603         1    1      6      6       2    2   4         1     5       3      5
  11613         1    2      4      5       2    2   2         1     2       3      5
  11614         1    1      4      4       2    2   4         1     2       5      5
  10108         1    1      3      5       4    2   3         1     3       5      6
  20109         1    1      4      4       4    2   4         1     1       8      6
  40201         1    2      4      0       4    2   4         1     1       8      6
  40202         1    1      4      0       4    2   6         5     1       7      6
  40207         1    2      1      0       4    1   1         2     1       8      6
  40208         1    2      1      0       4    1   2         2     1       6      6
  10202         2    1      1      0       4    2   6         5     1       7      6
  40606         1    1      1      0       4    1   4         1     3       5      6
  40607         1    2      3      5       4    2   3         1     4       8      6
  40608         1    1      3      4       4    2   4         1     3       8      6
  40616         1    1      4      4       4    2   4         1     3       3      6
  40626         1    1      3      0       4    2   4         1     3       8      6
  40628         1    1      4      4       4    2   4         1     3       4      6
  40630         1    2      1      0       4    2   3         1     4       4      6
  40902         1    2      6      0       2    2   4         1     3       3      6
  40911         1    1      2      0       4    2   4         1     1       8      6
  40913         1    2      3      0       4    1   4         2     1       8      6
  10814         1    1      1      2       4    2   6         3     1       7      6
  10817         1    1      3      2       4    2   6         1     1       7      6
  11002         1    1      6      5       3    2   6         5     1       8      6
  11004         1    2      4      2       0    2   6         1     1       7      6
  20703         1    1      3      2       4    2   1         2     1       8      6
  20711         1    1      7      0       4    1   6         1     1       7      6
  40306         1    1      3      0       4    2   2         2     1       4      6
  40309         1    2      3      2       4    1   1         2     1       8      6
  40317         1    1      1      0       0    2   5         1     3       8      6
  10314         1    1      1      2       4    2   5         1     1       7      6
  40402         1    1      4      4       1    2   4         1     2       8      6
  40404         1    2      4      7       4    2   2         2     1       4      6
  40408         1    1      5      2       0    2   5         1     1       7      6
  40410         1    2      3      0       4    2   6         1     1       7      6
  41502         1    2      6      5       2    2   3         1     5       8      6
  31503         1    1      6      4       3    2   4         1     4       3      6
  31509         1    1      3      5       4    2   2         1     3       4      6
  31511         1    1      5      5       4    2   3         4     1       5      6
  41401         1    1      4      4       4    2   5         1     1       4      6
  41403         1    1      4      5       4    2   3         1     2       3      6
  41405         1    1      4      0       4    2   6         1     1       7      6
  41411         1    1      6      3       4    2   5         1     1       5      6
#
#PBIO.DSC                                   Gilles HUNAULT - Université d'Angers
#
#
#
#
#                 Dossier "PBIO"
#
#
#
#    Ce dossier contient des données relatives à une enquête réalisée
#    dans de supermarchés angevins et parisiens entre 1996 et 1998 dans le
#    but de connaitre l'avis de consommateurs quant aux produits biologiques
#    et aux produits diététiques.
#
#
# 1 - Matricule anonyme de la personne interrogée
#
# 2 - Connaissez-vous les produits biologiques ?
#
#     0 non réponse
#     1 oui
#     2 non
#
# 3 - Y at-il une différence entre produit biologique et produit diététique ?
#
#     0 non réponse
#     1 oui
#     2 non
#
# 4 - Avez- vous déjà consommé des produits biobiologiques ?
#
#     1 non jamais
#     2 oui une seule fois
#     3 oui rarement
#     4 oui de temps en temps
#     5 oui plusieurs fois par mois
#     6 oui plusieurs fois par semaine
#     7 ne se prononce pas
#
# 5 - Parmi les marques suivantes lesquelles connaissez-vous ?
#
#     0 non réponse
#     1 bio vivre
#     2 bjorg
#     3 carrefour bio
#     4 la vie
#     5 vrai
#     6 prosain
#     7 favrichon
#
# 6 - Avez-vous déjà consommé des produits " La Vie " ?
#
#     0 non réponse
#     1 oui une fois
#     2 oui occasionnellement
#     3 oui régulièrement
#     4 non jamais
#
# 7 - Sexe de la personne
#
#     1 homme
#     2 femme
#
# 8 - Classe d'age
#
#     1 moins de 25 ans
#     2 entre 25 et 35 ans
#     3 entre 35 et 45 ans
#     4 entre 45 et 55 ans
#     5 entre 55 et 65 ans
#     6 plus de 65 ans
#
# 9 -Etat-civil
#
#     1 marie
#     2 celibataire
#     3 divorcé
#     4 en concubinage
#     5 veuf
#     6 autre
#
# 10 - Nombre d'enfants
#
#     1  0 enfant
#     2  1 enfants
#     3  2 enfants
#     4  3 enfant
#     5  plus de 3 enfants
#
# 11 - Situation professionnelle
#
#     1 agriculteur
#     2 artisan
#     3 cadre supérieur
#     4 cadre moyen
#     5 employé
#     6 ouvrier
#     7 retraité
#     8 autre
#     9 non-réponse
#
# 12 - Classe de revenus mensuels
#
#     0 non réponse
#     1 moins de 5 kF
#     2 entre  5 et 10 kF
#     3 entre 10 et 15 kF
#     4 entre 15 et 20 kF
#     5 plus de 20 kF
#     6 ne se prononce pas
#
